123,5
123,4
123,3
123,2
123,1
121,5
121,4
121,3
121,2
121,1
119,29
119,28
119,27
119,26
119,25
119,24
119,23
119,22
119,21
119,20
119,19
119,18
119,17
119,16
119,15
119,14
119,13
119,12
119,11
119,10
119,9
119,8
119,7
119,6
119,5
119,4
119,3
119,2
119,1
118,5
118,4
118,3
118,2
118,1
116,6
116,5
116,4
116,3
116,2
116,1
114,6
114,5
114,4
114,3
114,2
114,1
111,4
111,3
111,2
111,1
110,3
110,2
110,1
106,3
106,2
106,1
2,3
1,3
0,410
0,324
0,243
0,9
0,0
0,1
0,463
0,300
0,472
0,299
0,505
0,298
0,384
0,297
0,362
0,296
0,361
0,295
0,448
0,294
0,456
0,293
0,292
0,310
0,291
0,398
0,290
0,314
0,289
0,491
0,288
0,509
0,287
0,318
0,286
0,455
0,285
0,488
0,284
0,283
0,350
0,282
0,476
0,281
0,424
0,280
0,475
0,279
0,462
0,278
0,454
0,277
0,480
0,276
0,504
0,275
0,479
0,274
0,360
0,273
0,357
0,272
0,385
0,271
0,474
0,270
0,503
0,269
0,502
0,268
0,508
4,3
0,267
0,316
0,266
0,346
0,265
0,471
0,264
0,501
0,263
0,470
0,262
0,490
0,261
0,500
0,260
0,469
0,259
0,377
0,258
0,440
0,257
0,256
0,487
0,255
0,254
0,435
0,253
0,345
0,252
0,446
0,251
0,443
0,250
0,422
0,249
0,447
0,248
0,340
0,247
0,246
0,461
0,245
0,244
0,355
0,242
0,370
0,241
0,430
0,240
0,429
0,239
0,334
0,238
0,332
0,237
0,473
0,236
0,402
0,235
0,308
0,234
0,330
0,233
0,453
0,232
0,388
0,231
0,452
0,230
0,499
0,229
0,315
0,228
0,498
0,227
0,451
0,226
0,445
0,225
0,507
0,224
0,497
0,223
0,496
0,222
0,483
0,221
0,450
0,220
0,438
0,219
0,437
0,218
0,301
0,217
0,468
0,216
0,467
0,215
0,391
0,214
0,427
0,213
0,482
0,212
0,335
0,211
0,441
0,210
0,511
0,209
0,460
0,208
0,495
0,207
0,312
0,206
0,307
0,205
0,444
0,204
0,367
0,203
0,389
0,202
0,365
0,201
0,311
0,200
0,364
0,199
0,478
0,198
0,459
0,197
0,363
0,196
0,327
0,195
0,390
0,194
0,449
0,193
0,319
0,192
0,387
0,63
0,369
0,62
0,458
0,61
0,486
0,60
0,309
0,59
0,466
0,58
0,386
0,57
0,481
0,56
0,510
0,55
0,457
0,54
0,494
0,53
0,484
0,52
0,506
0,51
0,485
0,50
0,493
0,49
0,489
0,48
0,477
0,47
0,492
0,46
0,465
0,45
0,464
0,6
0,5
0,304
0,303
0,306
0,305
0,302
0,12
0,10
0,8
0,11
0,4
0,2
0,3
0,7
123,0
121,0
119,0
118,0
116,0
114,0
111,0
110,0
106,0
